13
4
5
4
	ANIKET	20028	5000.00	21 7 2016	1 1 1999	PB-2	CEO	31 1 2059	15534	
	ANIKET	20028	5000.00	21 7 2016	1 10 1999	PB-2	CEO	31 10 2059	15807	
	ANIKET	20028	5000.00	21 7 2016	1 1 2000	PB-2	CEO	31 1 2060	15899	
	ASHISH	20024	9000.00	2 2 2014	11 10 1997	PB-3	LECT	31 10 2057	15977	
	BHUMESH	20033	1524.00	21 7 2016	15 5 1998	PB-3	CSE	31 5 2058	15289	
	BHUMESH	20033	1524.00	21 7 2016	20 6 1998	PB-1	CSE	30 6 2058	15319	
	KISHOR	20032	9500.00	26 6 2015	13 8 1998	PB-1	CHEM	31 8 2058	15772	
	LOKESH	20027	6200.00	30 7 2015	19 4 1996	PB-3	TECH	30 4 2056	14885	
	MANISH	20033	1524.00	21 7 2016	15 5 1998	PB-1	CSE	31 5 2058	15289	
	PRASHA	20068	6200.00	30 7 2015	19 4 1996	PB-1	TECH	30 4 2056	14885	
	SAGARDB	20036	7500.00	26 6 2015	16 11 1998	PB-3	CVL	30 11 2058	15863	
	SHUBHAM	20038	8500.00	26 6 2015	16 9 1998	PB-2	ECE	30 9 2058	15802	
	SHUBHAM	20038	8500.00	26 6 2015	11 11 1998	PB-2	ECE	30 11 2058	15863	
	BHUMESH	20033	1524.00	21 7 2016	20 6 1998	PB-1	CSE	30 6 2058	15319	
	KISHOR	20032	9500.00	26 6 2015	13 8 1998	PB-1	CHEM	31 8 2058	15772	
	MANISH	20033	1524.00	21 7 2016	15 5 1998	PB-1	CSE	31 5 2058	15289	
	PRASHA	20068	6200.00	30 7 2015	19 4 1996	PB-1	TECH	30 4 2056	14885	
	ANIKET	20028	5000.00	21 7 2016	1 1 1999	PB-2	CEO	31 1 2059	15534	
	ANIKET	20028	5000.00	21 7 2016	1 10 1999	PB-2	CEO	31 10 2059	15807	
	ANIKET	20028	5000.00	21 7 2016	1 1 2000	PB-2	CEO	31 1 2060	15899	
	SHUBHAM	20038	8500.00	26 6 2015	16 9 1998	PB-2	ECE	30 9 2058	15802	
	SHUBHAM	20038	8500.00	26 6 2015	11 11 1998	PB-2	ECE	30 11 2058	15863	
	ASHISH	20024	9000.00	2 2 2014	11 10 1997	PB-3	LECT	31 10 2057	15977	
	BHUMESH	20033	1524.00	21 7 2016	15 5 1998	PB-3	CSE	31 5 2058	15289	
	LOKESH	20027	6200.00	30 7 2015	19 4 1996	PB-3	TECH	30 4 2056	14885	
	SAGARDB	20036	7500.00	26 6 2015	16 11 1998	PB-3	CVL	30 11 2058	15863	
